yyyy.MM.dd (DDD) HH:mm:ss C-score   foF2  foF1   foE  foEs   h`Es   hmF2   hmF1    hmE    B0   B1   D1

2020.01.31 (031) 22:30:00      100 4.913    --- 2.420 2.400 105.000 192.800    --- 103.900 63.400 1.800  
2020.01.31 (031) 22:35:00      100 5.150    --- 2.420 2.400 105.000 247.300    --- 112.700 126.000 3.270 
2020.01.31 (031) 22:40:00      100 4.950    --- 2.420 2.400 110.000 192.300    --- 112.700 58.700 1.420  
2020.01.31 (031) 22:50:00      100 4.625 3.048 2.220 2.200 115.000 218.500 162.500 115.600 65.200 6.000  
2020.01.31 (031) 22:55:00      100 4.450 2.924 2.120 2.100 120.000 221.600 153.900 113.300 78.000 4.690  
2020.01.31 (031) 23:00:00      100 4.450 2.924 2.320 2.300 120.000 201.100 153.900 117.600 60.700 1.910  
2020.01.31 (031) 23:05:00      100 4.400 2.924 2.120 2.100 130.000 217.100 153.900 113.300 70.600 4.170  
2020.01.31 (031) 23:10:00      100 4.325 2.924 2.120 2.100 130.000 220.200 153.900 110.700 74.800 4.680  
2020.01.31 (031) 23:15:00      100 4.213 2.924 2.020 2.200 125.000 224.500 153.900 117.300 74.400 4.800  
2020.01.31 (031) 23:20:00      100 4.250 2.924 2.320 2.300 130.000 256.600 153.900 122.300 145.500 3.240 
2020.01.31 (031) 23:25:00      100 4.150 2.924 2.020 2.000 130.000 216.800 153.900 113.100 77.500 2.560  
2020.01.31 (031) 23:30:00      100 4.450 2.924 1.920 1.900 145.000 244.500 153.900 110.000 82.200 4.100  
2020.01.31 (031) 23:35:00      100 4.225 2.924 1.757    ---    --- 213.700 153.900 110.000 57.700 1.580  
2020.01.31 (031) 23:40:00      100 4.550 2.924 1.820 1.800 175.000 263.600 153.900 110.000 121.600 3.500 
2020.01.31 (031) 23:45:00      100 4.613 2.924 1.920 1.900 145.000 244.000 153.900 115.000 81.200 4.140  
2020.01.31 (031) 23:50:00      100 4.750 2.924 1.512    ---    --- 261.300 153.900 110.000 84.800 4.740  
2020.01.31 (031) 23:55:00      100 4.650 2.924 1.423    ---    --- 231.200 153.900 110.000 53.400 2.360  
2020.02.01 (032) 00:00:00      100 4.700 2.924 1.347    ---    --- 267.700 153.900 110.000 128.800 2.160 
2020.02.01 (032) 00:10:00      100 4.707 2.924 1.161    ---    --- 245.700 153.900 110.000 57.700 4.820  
2020.02.01 (032) 00:15:00      100 4.600 2.924 1.070    ---    --- 239.700 153.900 110.000 53.800 4.150  
2020.02.01 (032) 00:20:00      100 4.700 2.924 0.982    ---    --- 280.900 153.900 110.000 116.300 2.360 
2020.02.01 (032) 00:25:00      100 4.600 2.924 0.898    ---    --- 260.500 153.900 110.000 80.000 2.810  
2020.02.01 (032) 00:30:00      100 4.400 2.924 0.820    ---    --- 255.600 153.900 110.000 77.200 2.750  
2020.02.01 (032) 00:35:00      100 4.400 2.924 0.748    ---    --- 253.200 153.900 110.000 63.800 5.760  
2020.01.31 (031) 22:45:00      100 4.900    --- 2.320 2.300 110.000 207.200    --- 112.400 66.100 2.560  
2020.02.01 (032) 00:40:00      100 4.300 2.924 0.682    ---    --- 267.300 153.900 110.000 84.500 2.660  
2020.02.01 (032) 00:45:00      100 4.300 2.924 0.622    ---    --- 253.700 153.900 110.000 69.600 2.550  
2020.02.01 (032) 00:50:00      100 4.300 2.924 0.569    ---    --- 249.200 153.900 110.000 64.800 2.480  
2020.02.01 (032) 00:55:00      100 4.100 2.924 0.522    ---    --- 242.500 153.900 110.000 60.700 2.480  
2020.02.01 (032) 01:00:00      100 4.000 2.924 0.482 3.900 99.000 269.000 153.900 110.000 71.100 6.000   
2020.02.01 (032) 01:10:00      100 3.300 2.924 0.418 4.600 130.000 221.400 153.900 110.000 33.800 4.150  
2020.02.01 (032) 01:15:00      100 3.600 2.924 0.395 5.400 98.000 252.200 153.900 110.000 65.800 2.440   
2020.02.01 (032) 01:20:00      100 3.100 2.924 0.376 6.600 107.000 205.300 153.900 110.000 23.800 3.430  
2020.02.01 (032) 01:25:00      100 3.100 2.924 0.373 6.400 107.000 244.500 153.900 110.000 69.000 2.550  
2020.02.01 (032) 01:30:00      100 5.300 2.924 0.373 6.500 105.000 228.800 153.900 110.000 19.200 1.730  
2020.02.01 (032) 01:35:00      100 5.100 2.924 0.373 4.600 105.000 231.500 153.900 110.000 20.300 1.820  
2020.02.01 (032) 01:40:00      100 5.500 2.924 0.373 4.900 115.000 229.100 153.900 110.000 25.400 2.040  
2020.02.01 (032) 01:45:00      100 4.500 2.924 0.373 4.100 105.000 215.400 153.900 110.000 19.300 2.080  
2020.02.01 (032) 01:50:00      100 6.200 2.924 0.373 5.500 105.000 237.000 153.900 110.000 26.200 2.580  
2020.02.01 (032) 01:55:00      100 6.300 2.924 0.373 5.300 105.000 327.900 153.900 110.000 40.000 1.000  
2020.02.01 (032) 02:00:00      100 4.100 2.924 0.373 4.900 105.000 219.200 153.900 110.000 16.800 1.870  
2020.02.01 (032) 02:05:00      100 4.300 2.924 0.373 4.900 105.000 218.400 153.900 110.000 16.000 1.680  
2020.02.01 (032) 02:10:00      100 5.500 2.924 0.373 4.900 102.000 307.700 153.900 110.000 42.300 1.000  
2020.02.01 (032) 02:15:00      100 6.100 2.924 0.373 4.900 105.000 217.100 153.900 110.000 19.100 1.940  
2020.02.01 (032) 02:20:00      100 5.500 2.924 0.373 4.900 93.000 216.000 153.900 110.000 15.200 1.800   
2020.02.01 (032) 02:25:00      100 3.100 2.924 0.373 6.700 100.000 211.100 153.900 110.000 19.500 2.190  
2020.02.01 (032) 02:30:00      100 3.900 2.924 0.373 6.500 105.000 296.900 153.900 110.000 42.300 1.170  
2020.02.01 (032) 02:35:00      100 3.900 2.924 0.373 6.500 96.000 296.900 153.900 110.000 42.300 1.170   
2020.02.01 (032) 02:40:00      100 4.300 2.924 0.373 5.300 85.000 213.600 153.900 110.000 15.700 1.840   
2020.02.01 (032) 02:45:00      100 5.800 2.924 0.373 4.900 86.000 217.900 153.900 110.000 14.400 1.380   
2020.02.01 (032) 02:50:00      100 4.100 2.924 0.373 5.600 90.000 215.500 153.900 110.000 14.400 1.860   
2020.02.01 (032) 02:55:00      100 3.900 2.924 0.373 5.400 100.000 223.500 153.900 110.000 31.600 6.000  
2020.02.01 (032) 01:05:00      100 3.500 2.924 0.447 4.600 139.000 227.200 153.900 110.000 49.700 2.490  
2020.02.01 (032) 03:00:00      100 5.100 2.924 0.373 5.400 98.000 224.900 153.900 110.000 26.200 2.680   
2020.02.01 (032) 03:05:00      100 4.000 2.924 0.373 5.500 100.000 212.000 153.900 110.000 16.200 1.930  
2020.02.01 (032) 03:10:00      100 4.900 2.924 0.373 4.900 95.000 224.500 153.900 110.000 22.200 2.360   
2020.02.01 (032) 03:15:00      100 4.400 2.924 0.373 4.900 105.000 216.900 153.900 110.000 17.400 2.050  
2020.02.01 (032) 03:20:00      100 3.300 2.924 0.373 5.600 105.000 219.000 153.900 110.000 20.600 2.160  
2020.02.01 (032) 03:25:00      100 3.300 2.924 0.373 4.200 105.000 297.200 153.900 110.000 66.900 6.000  
2020.02.01 (032) 03:30:00      100 3.300 2.924 0.373 3.700 105.000 297.200 153.900 110.000 66.900 6.000  
2020.02.01 (032) 03:35:00      100 3.300 2.924 0.373 3.300 104.000 282.400 153.900 110.000 47.300 6.000  
2020.02.01 (032) 03:40:00      100 3.300 2.924 0.373 3.300 105.000 274.900 153.900 110.000 47.600 6.000  
2020.02.01 (032) 03:45:00      100 3.300 2.924 0.373 2.900 105.000 274.900 153.900 110.000 47.600 6.000  
2020.02.01 (032) 03:50:00      100 3.300 2.924 0.373 2.900 105.000 274.900 153.900 110.000 47.600 6.000  
2020.02.01 (032) 03:55:00      100 3.200 2.924 0.373 3.100 105.000 319.700 153.900 110.000 92.100 2.450  
2020.02.01 (032) 04:00:00      100 3.200 2.924 0.373 2.900 105.000 269.200 153.900 110.000 38.100 4.800  
2020.02.01 (032) 04:05:00      100 3.300 2.924 0.373 3.100 105.000 314.300 153.900 110.000 63.000 6.000  
2020.02.01 (032) 04:10:00      100 3.300 2.924 0.373 3.100 105.000 314.300 153.900 110.000 63.000 6.000  
2020.02.01 (032) 04:15:00      100 3.200 2.924 0.373 2.400 105.000 421.100 153.900 110.000 117.100 2.090 
2020.02.01 (032) 04:20:00      100 3.200 2.924 0.373 2.800 105.000 421.100 153.900 110.000 117.100 2.090 
2020.02.01 (032) 04:25:00      100 3.500 2.924 0.373 2.700 103.000 300.500 153.900 110.000 46.800 3.240  
2020.02.01 (032) 04:30:00      100 3.300 2.924 0.373 3.100 105.000 287.200 153.900 110.000 38.500 2.170  
2020.02.01 (032) 04:35:00      100 3.400 2.924 0.373 3.200 105.000 242.300 153.900 110.000 45.600 6.000  
2020.02.01 (032) 04:40:00      100 3.600 2.924 0.373 4.700 103.000 250.700 153.900 110.000 47.400 2.410  
2020.02.01 (032) 04:45:00      100 3.400 2.924 0.373 6.600 100.000 244.700 153.900 110.000 48.900 2.450  
2020.02.01 (032) 04:50:00      100 3.400 2.924 0.373 8.500 100.000 249.000 153.900 110.000 62.600 2.530  
2020.02.01 (032) 04:55:00      100 3.700 2.924 0.373 7.500 98.000 284.300 153.900 110.000 58.100 4.090   
2020.02.01 (032) 05:00:00      100 3.700 2.924 0.373 5.800 105.000 276.300 153.900 110.000 61.700 4.120  
2020.02.01 (032) 05:05:00      100 3.700 2.924 0.373 5.700 101.000 273.900 153.900 110.000 52.700 3.630  
2020.02.01 (032) 05:10:00      100 4.000 2.924 0.373 5.700 105.000 317.000 153.900 110.000 116.100 2.210 
2020.02.01 (032) 05:15:00      100 3.700 2.924 0.373 4.700 100.000 264.100 153.900 110.000 70.400 2.440  
2020.02.01 (032) 05:20:00      100 3.800 2.924 0.373 4.700 100.000 273.900 153.900 110.000 67.900 4.960  
2020.02.01 (032) 05:25:00      100 3.800 2.924 0.373 3.300 103.000 294.300 153.900 110.000 79.700 2.430  
2020.02.01 (032) 05:30:00      100 3.900 2.924 0.373 3.600 100.000 282.200 153.900 110.000 48.700 5.230  
2020.02.01 (032) 05:35:00      100 3.900 2.924 0.373 3.500 100.000 282.200 153.900 110.000 48.700 5.230  
2020.02.01 (032) 05:40:00      100 3.900 2.924 0.373 3.400 105.000 293.000 153.900 110.000 39.200 2.120  
2020.02.01 (032) 05:45:00      100 4.000 2.924 0.373 3.000 105.000 301.100 153.900 110.000 73.200 5.900  
2020.02.01 (032) 05:50:00      100 3.800 2.924 0.373    ---    --- 270.100 153.900 110.000 48.300 3.400  
2020.02.01 (032) 05:55:00      100 3.900 2.924 0.373 2.000 105.000 297.300 153.900 110.000 87.500 2.410  
2020.02.01 (032) 06:00:00      100 3.700 2.924 0.373    ---    --- 278.400 153.900 110.000 57.200 3.790  
2020.02.01 (032) 06:05:00      100 3.900 2.924 0.373 2.000 105.000 300.300 153.900 110.000 71.500 4.790  
2020.02.01 (032) 06:10:00      100 4.000 2.924 0.373 2.200 105.000 304.900 153.900 110.000 67.700 4.540  
2020.02.01 (032) 06:15:00      100 4.200 2.924 0.373 2.100 105.000 333.600 153.900 110.000 101.900 2.400 
2020.02.01 (032) 06:20:00      100 4.000 2.924 0.373 2.000 105.000 288.600 153.900 110.000 52.300 3.400  
2020.02.01 (032) 06:25:00      100 4.100 2.924 0.373 2.900 106.000 299.700 153.900 110.000 67.800 5.970  
2020.02.01 (032) 06:30:00      100 4.000 2.924 0.373 4.700 114.000 295.900 153.900 110.000 47.200 5.190  
2020.02.01 (032) 06:35:00      100 4.100 2.924 0.373 4.700 114.000 301.000 153.900 110.000 64.100 4.450  
2020.02.01 (032) 06:40:00      100 3.800 2.924 0.373 4.800 105.000 290.300 153.900 110.000 39.100 2.410  
2020.02.01 (032) 06:45:00      100 4.000 2.924 0.373 4.700 105.000 288.700 153.900 110.000 34.900 2.240  
2020.02.01 (032) 06:50:00      100 3.000 2.924 0.373 4.900 105.000 463.100 153.900 110.000 103.000 1.000 
2020.02.01 (032) 06:55:00      100 4.100 2.924 0.373 4.900 100.000 287.400 153.900 110.000 35.700 2.120  
2020.02.01 (032) 07:00:00      100 4.100 2.924 0.373 3.500 96.000 303.400 153.900 110.000 50.900 4.920   
2020.02.01 (032) 07:05:00      100 4.100 2.924 0.373 4.600 96.000 296.600 153.900 110.000 41.900 2.700   
2020.02.01 (032) 07:10:00      100 4.200 2.924 0.373 4.100 100.000 268.100 153.900 110.000 61.900 2.350  
2020.02.01 (032) 07:15:00      100 4.000 2.924 0.373 4.000 93.000 292.500 153.900 110.000 45.600 4.910   
2020.02.01 (032) 07:20:00      100 4.100 2.924 0.373 4.600 92.000 303.700 153.900 110.000 52.100 5.700   
2020.02.01 (032) 07:25:00      100 4.000 2.924 0.373 4.900 102.000 294.800 153.900 110.000 43.600 4.480  
2020.02.01 (032) 07:30:00      100 4.000 2.924 0.373 4.200 96.000 310.900 153.900 110.000 58.900 6.000   
2020.02.01 (032) 07:35:00      100 4.100 2.924 0.373 4.600 88.000 301.900 153.900 110.000 46.700 3.250   
2020.02.01 (032) 07:40:00      100 4.400 2.924 0.373 3.500 105.000 360.200 153.900 110.000 107.200 2.390 
2020.02.01 (032) 07:45:00      100 4.100 2.924 0.373 4.600 93.000 313.100 153.900 110.000 83.900 6.000   
2020.02.01 (032) 07:50:00      100 4.300 2.924 0.373 4.900 110.000 334.700 153.900 110.000 108.300 2.340 
2020.02.01 (032) 07:55:00      100 4.200 2.924 0.373 3.900 104.000 288.100 153.900 110.000 51.100 3.220  
2020.02.01 (032) 08:00:00      100 4.000 2.924 0.373 3.800 112.000 284.200 153.900 110.000 48.300 3.420  
2020.02.01 (032) 08:05:00      100 3.900 2.924 0.373 4.700 108.000 275.000 153.900 110.000 62.700 3.720  
2020.02.01 (032) 08:10:00      100 4.100 2.924 0.373 4.400 110.000 296.100 153.900 110.000 85.600 2.380  
2020.02.01 (032) 08:15:00      100 4.000 2.924 0.373 3.700 115.000 265.800 153.900 110.000 42.500 3.300  
2020.02.01 (032) 08:20:00      100 4.400 2.924 0.373 4.800 120.000 302.600 153.900 110.000 79.600 6.000  
2020.02.01 (032) 08:25:00      100 4.500 2.924 0.373 4.700 125.000 290.200 153.900 110.000 70.500 4.280  
2020.02.01 (032) 08:30:00      100 4.200 2.924 0.373 4.700 132.000 264.100 153.900 110.000 49.600 3.440  
2020.02.01 (032) 08:35:00      100 4.400 2.924 0.373 3.700 145.000 271.400 153.900 110.000 55.800 4.170  
2020.02.01 (032) 08:40:00      100 4.500 2.924 0.373    ---    --- 265.400 153.900 110.000 50.700 3.390  
2020.02.01 (032) 08:45:00      100 4.500 2.924 0.373 2.400 100.000 269.400 153.900 110.000 54.600 4.680  
2020.02.01 (032) 08:50:00      100 4.600 2.924 0.373 2.300 110.000 270.200 153.900 110.000 61.500 4.490  
2020.02.01 (032) 08:55:00      100 4.300 2.924 0.373 4.400 116.000 253.100 153.900 110.000 41.700 3.130  
2020.02.01 (032) 09:00:00      100 4.500 2.924 0.373 4.900 110.000 265.300 153.900 110.000 49.900 4.310  
2020.02.01 (032) 09:05:00      100 4.500 2.924 0.373 3.800 105.000 260.500 153.900 110.000 45.000 4.830  
2020.02.01 (032) 09:10:00      100 4.500 2.924 0.373 4.400 100.000 279.400 153.900 110.000 60.300 6.000  
2020.02.01 (032) 09:15:00      100 4.500 2.924 0.373 3.100 104.000 267.400 153.900 110.000 59.700 5.870  
2020.02.01 (032) 09:20:00      100 4.400 2.924 0.373 2.100 115.000 268.000 153.900 110.000 67.100 2.370  
2020.02.01 (032) 09:25:00      100 4.500 2.924 0.373    ---    --- 282.800 153.900 110.000 78.700 2.370  
2020.02.01 (032) 09:30:00      100 4.400 2.924 0.373    ---    --- 261.400 153.900 110.000 54.400 3.940  
2020.02.01 (032) 09:35:00      100 4.300 2.924 0.373    ---    --- 276.600 153.900 110.000 73.900 6.000  
2020.02.01 (032) 09:40:00      100 4.300 2.924 0.373    ---    --- 284.100 153.900 110.000 80.100 2.410  
2020.02.01 (032) 09:45:00      100 4.300 2.924 0.373    ---    --- 283.700 153.900 110.000 77.900 2.390  
2020.02.01 (032) 09:50:00      100 4.300 2.924 0.373    ---    --- 265.900 153.900 110.000 59.300 3.590  
2020.02.01 (032) 09:55:00      100 4.400 2.924 0.373    ---    --- 276.800 153.900 110.000 48.900 4.080  
2020.02.01 (032) 10:00:00      100 4.500 2.924 0.373    ---    --- 265.500 153.900 110.000 55.600 3.520  
2020.02.01 (032) 10:05:00      100 4.500 2.924 0.373    ---    --- 272.100 153.900 110.000 58.800 5.350  
2020.02.01 (032) 10:10:00      100 4.400 2.924 0.373    ---    --- 258.900 153.900 110.000 48.900 4.290  
2020.02.01 (032) 10:15:00      100 4.300 2.924 0.373    ---    --- 248.700 153.900 110.000 45.200 3.200  
2020.02.01 (032) 10:20:00      100 4.500 2.924 0.373    ---    --- 293.900 153.900 110.000 92.700 2.410  
2020.02.01 (032) 10:25:00      100 4.300 2.924 0.373    ---    --- 258.000 153.900 110.000 54.400 3.430  
2020.02.01 (032) 10:30:00      100 4.300 2.924 0.373    ---    --- 270.500 153.900 110.000 47.900 5.280  
2020.02.01 (032) 10:35:00      100 4.300 2.924 0.373    ---    --- 277.000 153.900 110.000 75.500 2.390  
2020.02.01 (032) 10:40:00      100 4.200 2.924 0.373    ---    --- 257.500 153.900 110.000 50.500 3.390  
2020.02.01 (032) 10:45:00      100 4.200 2.924 0.373    ---    --- 256.800 153.900 110.000 55.200 3.680  
2020.02.01 (032) 10:50:00      100 4.200 2.924 0.373    ---    --- 260.100 153.900 110.000 54.400 3.530  
2020.02.01 (032) 10:55:00      100 4.100 2.924 0.373    ---    --- 252.900 153.900 110.000 49.300 3.650  
2020.02.01 (032) 11:00:00      100 4.100 2.924 0.373    ---    --- 256.100 153.900 110.000 48.500 3.530  
2020.02.01 (032) 11:05:00      100 4.100 2.924 0.373    ---    --- 265.300 153.900 110.000 58.400 3.500  
2020.02.01 (032) 11:10:00      100 4.100 2.924 0.373 2.400 92.000 268.500 153.900 110.000 62.800 3.650   
2020.02.01 (032) 11:15:00      100 3.700 2.924 0.373    ---    --- 247.700 153.900 110.000 35.600 2.830  
2020.02.01 (032) 11:20:00      100 3.700 2.924 0.373 1.900 100.000 258.300 153.900 110.000 50.000 3.760  
2020.02.01 (032) 11:25:00      100 3.700 2.924 0.373    ---    --- 265.300 153.900 110.000 52.100 3.560  
2020.02.01 (032) 11:30:00      100 3.700 2.924 0.373    ---    --- 259.800 153.900 110.000 45.600 3.250  
2020.02.01 (032) 11:35:00      100 3.700 2.924 0.373    ---    --- 264.200 153.900 110.000 48.000 3.770  
2020.02.01 (032) 11:40:00      100 3.700 2.924 0.373    ---    --- 267.500 153.900 110.000 49.200 3.610  
2020.02.01 (032) 11:45:00      100 3.500 2.924 0.373    ---    --- 255.900 153.900 110.000 39.900 3.250  
2020.02.01 (032) 11:50:00      100 3.700 2.924 0.373    ---    --- 274.600 153.900 110.000 53.900 3.650  
2020.02.01 (032) 11:55:00      100 3.600 2.924 0.373    ---    --- 268.000 153.900 110.000 48.300 3.360  
2020.02.01 (032) 12:00:00      100 3.400 2.924 0.373    ---    --- 270.000 153.900 110.000 50.900 3.280  
2020.02.01 (032) 12:05:00      100 3.300 2.924 0.373    ---    --- 265.400 153.900 110.000 52.000 3.970  
2020.02.01 (032) 12:10:00      100 3.400 2.924 0.379    ---    --- 286.300 153.900 110.000 81.600 2.500  
2020.02.01 (032) 12:15:00      100 3.100 2.924 0.398    ---    --- 254.400 153.900 110.000 44.700 4.030  
2020.02.01 (032) 12:20:00      100 3.400 2.924 0.423    ---    --- 312.600 153.900 110.000 105.500 2.460 
2020.02.01 (032) 12:25:00      100 3.300 2.924 0.453    ---    --- 298.100 153.900 110.000 95.000 2.580  
2020.02.01 (032) 12:30:00      100 3.300 2.924 0.488    ---    --- 300.200 153.900 110.000 97.200 2.600  
2020.02.01 (032) 12:35:00      100 3.300 2.924 0.530    ---    --- 291.300 153.900 110.000 71.300 6.000  
2020.02.01 (032) 12:40:00      100 3.300 2.924 0.578    ---    --- 290.000 153.900 110.000 88.400 2.630  
2020.02.01 (032) 12:45:00      100 2.900 2.924 0.632    ---    --- 238.400 153.900 110.000 34.700 3.020  
2020.02.01 (032) 12:50:00      100 3.100 2.924 0.693    ---    --- 279.700 153.900 110.000 86.500 2.900  
2020.02.01 (032) 12:55:00      100 3.000 2.924 0.760    ---    --- 236.700 153.900 110.000 38.500 3.240  
2020.02.01 (032) 13:00:00      100 3.200 2.924 0.833    ---    --- 244.400 153.900 110.000 50.000 3.610  
2020.02.01 (032) 13:05:00      100 3.200 2.924 0.913    ---    --- 233.000 153.900 110.000 42.700 2.630  
2020.02.01 (032) 13:10:00      100 3.700 2.924 0.997    ---    --- 250.500 153.900 110.000 63.300 3.060  
2020.02.01 (032) 13:15:00      100 3.800 2.924 1.086    ---    --- 242.500 153.900 110.000 59.700 3.780  
2020.02.01 (032) 13:20:00      100 4.100 2.924 1.177    ---    --- 257.900 153.900 110.000 76.000 6.000  
2020.02.01 (032) 13:25:00      100 4.150 2.924 1.270    ---    --- 229.800 153.900 110.000 45.900 4.590  
2020.02.01 (032) 13:30:00      100 4.250 2.924 1.363    ---    --- 231.300 153.900 110.000 47.200 4.430  
2020.02.01 (032) 13:35:00      100 4.550 2.924 1.455    ---    --- 256.100 153.900 110.000 83.200 6.000  
2020.02.01 (032) 13:40:00      100 4.613 2.924 1.543    ---    --- 244.100 153.900 110.000 67.800 6.000  
2020.02.01 (032) 13:45:00      100 4.625 2.924 1.628    ---    --- 210.900 153.900 110.000 42.400 1.950  
2020.02.01 (032) 13:50:00      100 4.802 2.924 1.708    ---    --- 220.900 153.900 110.000 52.100 3.580  
2020.02.01 (032) 13:55:00      100 4.800 2.924 2.020 2.000 145.000 216.700 153.900 126.800 49.400 4.020  
2020.02.01 (032) 14:00:00      100 4.807 2.924 1.855    ---    --- 212.000 153.900 110.000 58.100 2.150  
2020.02.01 (032) 14:05:00      100 4.850 3.048 1.720    ---    --- 208.300 166.600 110.000 50.200 2.440  
2020.02.01 (032) 14:10:00      100 4.925 2.771 1.820    ---    --- 226.200 161.400 110.000 67.700 4.900  
2020.02.01 (032) 14:15:00      100 4.950 2.771 2.420 2.400 130.000 206.900 161.400 126.500 50.000 2.040  
2020.02.01 (032) 14:20:00      100 5.100 2.771 2.120 2.100 125.000 219.200 161.400 116.500 62.800 2.460  
2020.02.01 (032) 14:25:00      100 5.200 2.771 2.120 2.100 130.000 205.000 161.400 113.300 47.700 1.200  
2020.02.01 (032) 14:30:00      100 5.350 2.771 2.220 2.200 130.000 200.600 161.400 118.400 37.600 1.230  
2020.02.01 (032) 14:35:00      100 5.300 2.771 2.220 2.200 125.000 192.300 161.400 116.300 33.600 1.000  
2020.02.01 (032) 14:40:00      100 5.350 2.771 2.420 2.400 125.000 194.600 161.400 122.000 37.500 1.000  
2020.02.01 (032) 14:45:00      100 5.250 2.771 2.420 2.400 115.000 192.100 161.400 119.700 35.400 1.050  
2020.02.01 (032) 14:50:00      100 5.100 2.771 2.120 2.100 105.000 193.700 161.400 105.600 48.300 1.000  
2020.02.01 (032) 14:55:00      100 4.950 2.948 2.120 2.100 105.000 186.500 147.500 105.600 46.700 1.160  
2020.02.01 (032) 15:00:00      100 4.900 2.948 2.320 2.300 110.000 250.200 147.500 107.500 173.800 3.040 
2020.02.01 (032) 15:05:00      100 4.950 2.948 2.320 2.300 105.000 199.700 147.500 108.400 61.900 1.250  
2020.02.01 (032) 15:10:00      100 5.150 2.948 2.420 2.400 105.000 199.400 147.500 108.800 58.300 1.000  
2020.02.01 (032) 15:15:00      100 5.150 2.948 2.420 2.400 100.000 193.100 147.500 103.900 58.500 1.000  
2020.02.01 (032) 15:20:00      100 5.150 2.948 2.820 2.800 105.000 236.400 147.500 116.800 108.500 3.680 
2020.02.01 (032) 15:25:00      100 5.150 2.948 2.420 2.400 105.000 206.700 147.500 103.900 56.000 1.880  
2020.02.01 (032) 15:30:00      100 5.100 2.948 2.920 2.900 105.000 194.500 147.500 117.200 73.200 1.010  
2020.02.01 (032) 15:35:00      100 5.150 3.648 2.420 3.200 133.000 200.900 175.100 103.900 37.400 1.860  
2020.02.01 (032) 15:40:00      100 4.925 3.648 2.820 2.900 100.000 189.300 175.100 120.700 61.300 1.000  
2020.02.01 (032) 15:45:00      100 5.050 3.648 2.920 2.900 100.000 187.900 175.100 112.700 72.500 1.190  
2020.02.01 (032) 15:50:00      100 5.150 3.801 2.620 2.900 105.000 234.600 162.400 117.300 86.300 6.000  
2020.02.01 (032) 15:55:00      100 5.150 3.847 2.620 2.700 100.000 220.500 156.700 102.900 97.900 2.380  
2020.02.01 (032) 16:00:00      100 4.950 3.847 3.120 3.100 105.000 230.100 156.700 116.100 120.100 3.310 
2020.02.01 (032) 16:05:00      100 5.250 3.806 2.820 2.800 100.000 204.300 163.700 105.600 58.300 1.660  
2020.02.01 (032) 16:10:00      100 5.250 3.323 2.720 2.900 100.000 196.500 143.900 106.700 70.900 1.000  
2020.02.01 (032) 16:15:00      100 4.950 3.323 3.020 3.100 105.000 191.700 143.900 120.700 75.300 1.000  
2020.02.01 (032) 16:20:00      100 4.950 4.248 2.820 3.100 105.000 197.600 167.000 111.300 72.300 1.770  
2020.02.01 (032) 16:25:00      100 4.950 4.248 2.820 2.800 110.000 211.200 167.000 105.800 100.800 1.950 
2020.02.01 (032) 16:30:00      100 4.900 4.248 2.820 2.800 105.000 204.100 167.000 102.600 97.200 1.580  
2020.02.01 (032) 16:35:00      100 4.900 4.248 3.120 3.100 105.000 204.200 167.000 116.100 102.200 1.280 
2020.02.01 (032) 16:40:00      100 5.350 4.547 2.820 2.800 105.000 217.200 178.300 102.900 80.500 2.120  
2020.02.01 (032) 16:45:00      100 5.850 4.248 3.020 3.000 105.000 258.800 178.900 109.000 100.900 4.720 
2020.02.01 (032) 16:50:00      100 5.125 4.148 3.020 3.000 100.000 192.300 166.100 112.400 57.700 1.320  
2020.02.01 (032) 16:55:00      100 5.150 4.248 3.120 3.100 100.000 190.000 164.300 108.400 54.500 1.410  
2020.02.01 (032) 17:00:00      100 5.150 4.547 2.920 2.900 100.000 198.100 172.300 106.000 69.900 1.690  
2020.02.01 (032) 17:05:00      100 4.950 4.547 3.120 3.100 100.000 192.600 172.300 112.700 90.500 1.410  
2020.02.01 (032) 17:10:00      100 4.950 4.547 3.120 3.100 100.000 203.100 172.300 109.000 101.200 2.160 
2020.02.01 (032) 17:15:00      100 4.850 4.547 3.120 3.100 100.000 211.700 172.300 109.000 122.500 2.260 
2020.02.01 (032) 17:20:00      100 5.025 4.547 2.920 2.900 100.000 211.500 185.400 103.800 84.500 1.660  
2020.02.01 (032) 17:25:00      100 5.125 4.248 3.220 3.200 105.000 200.100 161.600 109.600 89.900 1.300  
2020.02.01 (032) 17:30:00      100 5.050 4.248 3.120 3.100 120.000 198.600 166.400 108.000 79.100 1.290  
2020.02.01 (032) 17:35:00      100 4.950 4.248 3.120 3.100 100.000 199.000 173.500 106.200 68.600 1.420  
2020.02.01 (032) 17:40:00      100 4.975 4.347 3.120 3.100 100.000 203.600 180.200 105.500 78.700 1.260  
2020.02.01 (032) 17:45:00      100 4.913 4.347 3.020 3.100 120.000 198.900 171.700 104.000 86.200 1.360  
2020.02.01 (032) 17:50:00      100 5.150 4.124 3.120 3.100 100.000 216.500 156.600 103.000 106.000 2.010 
2020.02.01 (032) 17:55:00      100 5.150 4.347 3.220 3.200 100.000 202.600 159.700 98.900 95.300 1.730   
2020.02.01 (032) 18:00:00      100 5.200 4.347 3.220 3.300 125.000 218.200 159.700 104.800 111.800 1.820 
2020.02.01 (032) 18:05:00      100 5.750 4.547 3.020 3.300 115.000 232.000 178.100 103.800 95.500 2.160  
2020.02.01 (032) 18:10:00      100 5.250 4.347 3.120 3.200 115.000 195.600 161.500 104.000 66.000 1.800  
2020.02.01 (032) 18:15:00      100 5.350 4.347 3.120 3.300 115.000 228.100 167.600 106.500 100.800 3.400 
2020.02.01 (032) 18:20:00      100 5.125 4.183 3.020 3.300 115.000 192.600 163.300 102.400 57.900 1.760  
2020.02.01 (032) 18:25:00      100 4.925 4.148 3.220 3.300 115.000 186.600 147.600 107.700 83.800 1.820  
2020.02.01 (032) 18:30:00      100 4.700 4.148 3.020 3.300 115.000 188.100 147.600 102.400 95.100 1.940  
2020.02.01 (032) 18:35:00      100 4.675 4.148 3.020 3.300 115.000 200.200 147.600 102.400 132.800 3.080 
2020.02.01 (032) 18:40:00      100 5.250 4.448 3.120 3.100 100.000 252.700 196.600 101.400 124.800 1.850 
2020.02.01 (032) 18:45:00      100 5.400 4.448 3.120 3.300 110.000 245.100 196.600 103.000 128.700 1.580 
2020.02.01 (032) 18:50:00      100 5.700 4.448 3.320 3.300 95.000 231.600 196.600 104.500 113.700 1.650  
2020.02.01 (032) 18:55:00      100 5.550 4.448 3.320 3.500 110.000 205.500 164.400 109.300 83.000 1.290  
2020.02.01 (032) 19:00:00      100 5.600 4.448 2.820 3.300 110.000 207.700 164.400 100.100 98.700 1.000  
2020.02.01 (032) 19:05:00      100 5.550 4.248 2.920 3.800 105.000 221.300 172.300 94.300 73.600 2.310   
2020.02.01 (032) 19:10:00      100 5.750 4.248 3.420 3.800 110.000 220.900 172.300 96.100 110.300 1.970  
2020.02.01 (032) 19:15:00      100 5.450 4.624 3.120 3.900 102.000 206.800 170.500 95.600 88.500 1.480   
2020.02.01 (032) 19:20:00      100 5.150 4.624 2.820 3.700 110.000 205.900 183.300 95.700 73.400 1.470   
2020.02.01 (032) 19:25:00      100 4.800 4.624 3.220 3.500 110.000 227.500 183.300 100.400 143.400 3.050 
2020.02.01 (032) 19:30:00      100 5.650 4.124 3.420 3.700 110.000 229.000 165.900 100.200 85.000 2.210  
2020.02.01 (032) 19:35:00      100 5.650 4.047 3.420 3.700 110.000 224.700 175.400 108.500 70.800 1.760  
2020.02.01 (032) 19:40:00      100 5.600 4.047 3.420 3.400 100.000 212.700 175.400 108.500 98.700 1.520  
2020.02.01 (032) 19:45:00      100 5.750 4.047 3.320 3.300 90.000 229.100 175.400 104.200 89.200 1.990   
2020.02.01 (032) 19:50:00      100 5.550 4.248 3.320 3.300 95.000 223.000 171.400 104.600 83.700 2.000   
2020.02.01 (032) 19:55:00      100 5.550 4.347 3.220 3.200 95.000 222.500 173.400 108.900 83.300 2.070   
2020.02.01 (032) 20:00:00      100 5.650 4.347 3.220 3.200 90.000 236.600 173.400 103.900 112.200 2.160  
2020.02.01 (032) 20:05:00      100 5.600 4.347 3.120 3.100 95.000 228.200 173.400 112.400 100.500 1.670  
2020.02.01 (032) 20:10:00      100 6.150 4.212 3.220 3.300 95.000 233.500 167.700 100.200 85.800 1.780   
2020.02.01 (032) 20:15:00      100 5.950 4.102 3.320 3.300 100.000 220.000 165.200 105.000 67.700 1.820  
2020.02.01 (032) 20:20:00      100 5.825 4.148 3.320 3.300 100.000 225.600 161.200 105.000 81.500 3.000  
2020.02.01 (032) 20:25:00      100 5.750 4.224 3.320 3.300 100.000 217.400 165.300 105.000 77.300 1.950  
2020.02.01 (032) 20:30:00      100 5.650 4.424 3.220 3.200 90.000 202.500 166.200 96.100 63.500 1.640    
2020.02.01 (032) 20:35:00      100 5.950 4.424 3.320 3.300 105.000 258.800 166.200 99.900 156.400 3.040  
2020.02.01 (032) 20:40:00      100 5.550 4.248 2.920 3.200 95.000 213.100 168.000 95.500 72.400 2.290    
2020.02.01 (032) 20:45:00      100 5.550 3.424 2.720 2.700 95.000 248.300 144.300 96.800 115.500 3.200   
2020.02.01 (032) 20:50:00      100 5.550 3.424 2.820 3.000 85.000 247.900 144.300 87.300 112.600 4.050   
2020.02.01 (032) 20:55:00      100 5.650 4.248 3.120 3.100 95.000 233.800 164.300 95.500 112.500 1.760   
2020.02.01 (032) 21:00:00      100 5.950 4.448 2.520 2.900 95.000 255.600 193.200 96.400 99.800 1.890    
2020.02.01 (032) 21:05:00      100 6.050 4.148 2.720 3.300 105.000 243.100 181.000 100.200 79.100 2.360  
2020.02.01 (032) 21:10:00      100 6.050 4.047 2.820 3.100 90.000 221.500 171.300 95.700 65.000 1.650    
2020.02.01 (032) 21:15:00      100 6.000 4.047 3.120 3.500 105.000 211.100 171.300 95.500 76.100 1.840   
2020.02.01 (032) 21:20:00      100 6.050 3.823 2.520 3.500 96.000 222.400 164.200 99.100 65.000 1.930    
2020.02.01 (032) 21:25:00      100 6.100 3.823 3.020 4.500 99.000 194.500 164.200 95.400 86.900 1.000    
2020.02.01 (032) 21:30:00      100 5.850 3.823 3.020 3.500 100.000 203.900 164.200 95.400 70.300 1.210   
2020.02.01 (032) 21:35:00      100 5.900 3.823 2.420 3.300 100.000 253.000 164.200 90.400 139.600 4.020  
2020.02.01 (032) 21:40:00      100 5.850 4.101 2.820 2.800 90.000 205.300 170.000 94.000 49.400 1.720    
2020.02.01 (032) 21:45:00      100 5.800 4.101 2.420 2.900 105.000 203.400 170.000 90.500 59.600 1.110   
2020.02.01 (032) 21:50:00      100 5.850 3.823 2.420 2.900 105.000 256.500 175.700 95.900 94.200 6.000   
2020.02.01 (032) 21:55:00      100 5.550 3.823 2.920 2.900 95.000 193.200 175.700 103.400 70.400 1.050   
2020.02.01 (032) 22:00:00      100 5.200 3.823 2.920 2.900 100.000 211.200 175.700 100.000 81.500 2.220  
2020.02.01 (032) 22:05:00      100 5.150 3.823 2.920 3.100 115.000 203.700 175.700 102.600 90.900 1.300  
2020.02.01 (032) 22:10:00      100 5.100 3.823 2.420 3.200 115.000 199.700 175.700 103.800 84.900 1.000  
2020.02.01 (032) 22:15:00      100 5.500 3.823 2.420 3.300 116.000 238.100 175.700 110.000 79.500 4.260  
2020.02.01 (032) 22:20:00      100 5.250 3.823 2.720 3.300 115.000 202.300 175.700 95.500 78.900 1.030   
2020.02.01 (032) 22:25:00      100 4.850 3.823 2.820 3.200 115.000 183.400 175.700 100.000 69.400 1.000  
2020.02.01 (032) 22:30:00      100 5.000 3.823 2.420 3.100 112.000 198.900 175.700 93.900 68.200 1.670   
2020.02.01 (032) 22:35:00      100 4.850 3.823 2.320 3.100 115.000 214.500 175.700 114.800 63.700 2.310  
2020.02.01 (032) 22:40:00      100 4.700 3.823 2.220 3.200 108.000 215.500 175.700 98.900 86.100 2.080   
2020.02.01 (032) 22:45:00      100 4.700 3.823 2.220 3.700 115.000 367.100 175.700 107.800 166.600 1.710 
2020.02.01 (032) 22:50:00      100 4.850 3.224 2.120 3.100 115.000 229.400 175.200 99.400 63.700 3.770   
2020.02.01 (032) 22:55:00      100 4.550 3.224 2.120 2.400 120.000 208.800 175.200 105.600 58.500 1.610  
2020.02.01 (032) 23:00:00      100 4.950 3.224 2.020 2.000 120.000 238.500 175.200 110.000 85.500 2.660  
2020.02.01 (032) 23:05:00      100 5.150 3.224 2.120 2.100 130.000 257.500 175.200 113.300 115.000 2.370 
2020.02.01 (032) 23:10:00      100 5.125 3.224 2.120 2.100 130.000 261.500 175.200 110.000 106.500 3.760 
2020.02.01 (032) 23:15:00      100 4.950 3.224 2.120 2.100 120.000 216.400 175.200 105.900 60.800 1.250  
2020.02.01 (032) 23:20:00      100 5.350 3.224 1.920 4.900 164.000 234.500 175.200 110.000 65.900 1.930  
2020.02.01 (032) 23:25:00      100 5.350 3.224 1.911    ---    --- 237.700 175.200 110.000 50.200 2.540  
2020.02.01 (032) 23:30:00      100 5.300 3.224 2.020 2.000 125.000 227.300 175.200 116.700 58.300 1.760  
2020.02.01 (032) 23:35:00      100 5.400 3.224 1.820 1.800 130.000 228.100 175.200 110.000 59.200 1.900  
2020.02.01 (032) 23:40:00      100 5.300 3.224 1.920 3.700 165.000 221.800 175.200 115.000 52.600 1.480  
2020.02.01 (032) 23:45:00      100 5.300 3.224 1.613    ---    --- 230.700 175.200 110.000 55.800 2.120  
2020.02.01 (032) 23:50:00      100 5.512 3.224 1.528    ---    --- 259.700 175.200 110.000 73.300 5.420  
2020.02.01 (032) 23:55:00      100 5.350 3.224 1.439    ---    --- 243.100 175.200 110.000 61.100 3.050  
2020.02.02 (033) 00:00:00      100 5.450 3.224 1.363    ---    --- 248.100 175.200 110.000 62.400 2.660  
2020.02.02 (033) 00:05:00      100 5.600 3.224 1.270    ---    --- 247.900 175.200 110.000 55.900 2.650  
2020.02.02 (033) 00:10:00      100 5.750 3.224 1.177    ---    --- 242.000 175.200 110.000 43.400 2.240  
2020.02.02 (033) 00:15:00      100 5.900 3.224 1.085    ---    --- 240.000 175.200 110.000 44.400 2.420  
2020.02.02 (033) 00:20:00      100 6.000 3.224 0.996    ---    --- 240.600 175.200 110.000 38.700 2.550  
2020.02.02 (033) 00:25:00      100 6.200 3.224 0.912    ---    --- 272.800 175.200 110.000 88.000 2.700  
2020.02.02 (033) 00:30:00      100 6.000    --- 0.832    ---    --- 229.100    --- 110.000 32.800 2.740  
2020.02.02 (033) 00:35:00      100 6.200    --- 0.759    ---    --- 280.200    --- 110.000 101.100 2.460 
2020.02.02 (033) 00:40:00      100 5.700    --- 0.692    ---    --- 223.100    --- 110.000 31.900 2.770  
2020.02.02 (033) 00:45:00      100 5.600    --- 0.631    ---    --- 233.500    --- 110.000 43.600 4.230  
2020.02.02 (033) 00:50:00      100 5.400    --- 0.577    ---    --- 259.500    --- 110.000 75.300 2.530  
2020.02.02 (033) 00:55:00      100 5.100    --- 0.529    ---    --- 224.400    --- 110.000 36.600 3.100  
2020.02.02 (033) 01:00:00      100 4.900    --- 0.487    ---    --- 253.900    --- 110.000 72.100 2.490  
2020.02.02 (033) 01:05:00      100 4.700    --- 0.452    ---    --- 266.100    --- 110.000 82.800 2.490  
2020.02.02 (033) 01:10:00      100 4.400    --- 0.422    ---    --- 258.100    --- 110.000 73.200 2.470  
2020.02.02 (033) 01:15:00      100 4.500    --- 0.398    ---    --- 266.200    --- 110.000 80.400 2.450  
2020.02.02 (033) 01:20:00      100 4.200    --- 0.378    ---    --- 267.100    --- 110.000 77.100 2.440  
2020.02.02 (033) 01:25:00      100 3.900    --- 0.373    ---    --- 230.100    --- 110.000 42.200 4.020  
2020.02.02 (033) 03:35:00      100 2.400    --- 0.373    ---    --- 247.900    --- 110.000 36.100 5.050  
2020.02.02 (033) 03:40:00      100 2.400    --- 0.373    ---    --- 254.200    --- 110.000 40.000 6.000  
2020.02.02 (033) 03:45:00      100 2.400    --- 0.373    ---    --- 243.000    --- 110.000 27.100 2.460  
2020.02.02 (033) 03:50:00      100 2.600    --- 0.373    ---    --- 275.900    --- 110.000 64.400 6.000  
2020.02.02 (033) 03:55:00      100 2.600    --- 0.373    ---    --- 278.300    --- 110.000 72.600 2.540  
2020.02.02 (033) 04:00:00      100 2.600    --- 0.373    ---    --- 278.300    --- 110.000 72.600 2.540  
2020.02.02 (033) 04:05:00      100 2.700    --- 0.373    ---    --- 315.000    --- 110.000 95.400 2.520  
2020.02.02 (033) 04:10:00      100 2.400    --- 0.373    ---    --- 255.400    --- 110.000 36.800 4.310  
2020.02.02 (033) 04:15:00      100 2.400    --- 0.373    ---    --- 454.200    --- 110.000 140.400 1.730 
2020.02.02 (033) 04:20:00      100 2.600    --- 0.373    ---    --- 271.900    --- 110.000 46.900 6.000  
2020.02.02 (033) 04:25:00      100 2.800    --- 0.373    ---    --- 320.600    --- 110.000 105.800 2.510 
2020.02.02 (033) 04:30:00      100 2.700    --- 0.373    ---    --- 280.800    --- 110.000 64.200 6.000  
2020.02.02 (033) 04:35:00      100 2.700    --- 0.373    ---    --- 310.300    --- 110.000 83.900 6.000  
2020.02.02 (033) 04:40:00      100 2.700    --- 0.373    ---    --- 277.700    --- 110.000 46.600 3.930  
2020.02.02 (033) 04:45:00      100 2.700    --- 0.373    ---    --- 272.700    --- 110.000 39.800 3.150  
2020.02.02 (033) 04:50:00      100 2.700    --- 0.373    ---    --- 284.500    --- 110.000 45.400 5.860  
2020.02.02 (033) 04:55:00      100 2.800    --- 0.373    ---    --- 290.000    --- 110.000 49.300 6.000  
2020.02.02 (033) 05:00:00      100 2.800    --- 0.373    ---    --- 274.000    --- 110.000 48.800 5.530  
2020.02.02 (033) 05:05:00      100 2.900    --- 0.373    ---    --- 259.400    --- 110.000 37.200 2.710  
2020.02.02 (033) 05:10:00      100 2.900    --- 0.373    ---    --- 276.500    --- 110.000 55.300 5.440  
2020.02.02 (033) 05:15:00      100 3.000    --- 0.373    ---    --- 313.800    --- 110.000 102.300 2.520 
2020.02.02 (033) 05:20:00      100 2.900    --- 0.373    ---    --- 248.700    --- 110.000 32.700 2.380  
2020.02.02 (033) 05:25:00      100 2.800    --- 0.373    ---    --- 256.400    --- 110.000 41.300 4.200  
2020.02.02 (033) 05:30:00      100 2.900    --- 0.373    ---    --- 275.500    --- 110.000 54.100 6.000  
2020.02.02 (033) 05:35:00      100 2.800    --- 0.373    ---    --- 271.300    --- 110.000 51.900 6.000  
2020.02.02 (033) 05:40:00      100 2.900    --- 0.373    ---    --- 290.600    --- 110.000 77.800 2.490  
2020.02.02 (033) 05:45:00      100 2.800    --- 0.373    ---    --- 272.400    --- 110.000 57.600 6.000  
2020.02.02 (033) 05:50:00      100 2.800    --- 0.373    ---    --- 292.700    --- 110.000 83.200 2.510  
2020.02.02 (033) 05:55:00      100 2.700    --- 0.373    ---    --- 286.200    --- 110.000 64.600 6.000  
2020.02.02 (033) 06:00:00      100 2.400    --- 0.373    ---    --- 469.300    --- 110.000 146.900 1.480 
2020.02.02 (033) 06:05:00      100 2.700    --- 0.373    ---    --- 290.900    --- 110.000 53.800 5.090  
2020.02.02 (033) 06:10:00      100 2.800    --- 0.373    ---    --- 296.200    --- 110.000 60.500 4.660  
2020.02.02 (033) 06:15:00      100 2.900    --- 0.373    ---    --- 305.100    --- 110.000 65.300 6.000  
2020.02.02 (033) 06:20:00      100 2.900    --- 0.373    ---    --- 280.300    --- 110.000 49.900 3.860  
2020.02.02 (033) 06:25:00      100 3.000    --- 0.373    ---    --- 323.300    --- 110.000 97.900 2.510  
2020.02.02 (033) 08:35:00      100 3.200    --- 0.373    ---    --- 300.600    --- 110.000 59.400 3.880  
2020.02.02 (033) 08:40:00      100 3.300    --- 0.373    ---    --- 303.900    --- 110.000 60.800 3.560  
2020.02.02 (033) 09:05:00      100 3.400    --- 0.373    ---    --- 294.600    --- 110.000 60.000 3.860  
2020.02.02 (033) 09:10:00      100 3.500    --- 0.373    ---    --- 296.400    --- 110.000 61.900 3.860  
2020.02.02 (033) 09:15:00      100 3.400    --- 0.373    ---    --- 288.200    --- 110.000 57.500 3.640  
2020.02.02 (033) 09:20:00      100 3.400    --- 0.373    ---    --- 281.000    --- 110.000 45.100 3.020  
2020.02.02 (033) 09:25:00      100 3.500    --- 0.373    ---    --- 287.100    --- 110.000 59.700 3.610  
2020.02.02 (033) 09:30:00      100 3.400    --- 0.373    ---    --- 284.700    --- 110.000 54.600 3.460  
2020.02.02 (033) 19:45:00      100 6.050 4.003 3.020 3.000 95.000 231.200 149.500 103.400 108.900 1.190  
2020.02.02 (033) 19:50:00      100 6.150 3.948 2.820 2.800 90.000 233.200 160.300 99.000 85.500 1.290    
2020.02.02 (033) 19:55:00      100 6.350 4.148 3.020 3.000 95.000 232.700 172.600 105.400 69.900 1.930   
2020.02.02 (033) 20:00:00      100 6.350 4.148 3.220 3.200 90.000 224.900 181.300 108.100 54.900 1.980   
2020.02.02 (033) 20:05:00      100 6.563 4.171 3.320 3.300 95.000 243.100 186.000 107.800 65.400 4.420   
2020.02.02 (033) 20:10:00      100 6.750 4.047 3.320 3.300 95.000 228.800 174.400 117.400 63.700 1.210   
2020.02.02 (033) 20:15:00      100 6.700 4.047 3.220 3.200 100.000 214.900 174.400 113.600 51.400 1.000  
2020.02.02 (033) 20:20:00      100 6.550 4.047 3.320 3.300 95.000 205.300 174.400 117.400 57.600 1.000   
2020.02.02 (033) 20:25:00      100 6.700 4.047 3.220 3.200 95.000 221.000 174.400 113.400 63.800 2.180   
2020.02.02 (033) 20:30:00      100 6.350 4.023 3.220 3.200 95.000 221.000 179.200 113.400 67.300 3.080   
2020.02.02 (033) 20:35:00      100 5.850 4.302 3.120 3.100 95.000 213.300 169.300 112.000 63.300 2.620   
2020.02.02 (033) 20:40:00      100 5.650 4.047 3.120 3.100 95.000 214.900 156.700 108.400 79.500 2.220   
2020.02.02 (033) 20:45:00      100 6.850 4.648 3.120 3.100 95.000 233.100 178.900 112.000 83.800 1.070   
2020.02.02 (033) 20:50:00      100 5.550 4.248 3.120 3.100 95.000 237.000 166.500 111.800 113.300 2.180  
2020.02.02 (033) 20:55:00      100 5.850 4.212 2.920 2.900 100.000 259.100 192.100 112.300 87.400 3.190  
2020.02.02 (033) 21:00:00      100 5.650 3.812 2.820 2.800 95.000 217.900 152.000 105.000 75.400 1.720   
2020.02.02 (033) 21:05:00      100 5.750 4.248 2.720 2.700 105.000 222.500 180.000 104.100 60.500 2.270  
2020.02.02 (033) 21:10:00      100 5.650 4.347 2.720 2.700 100.000 223.600 186.200 104.200 61.500 2.050  
2020.02.02 (033) 21:15:00      100 5.750 4.047 2.920 2.900 100.000 237.600 185.600 112.200 65.300 4.350  
2020.02.02 (033) 21:20:00      100 5.825 3.948 2.820 2.800 110.000 215.400 169.600 108.700 63.700 1.470  
2020.02.02 (033) 21:25:00      100 5.850 3.948 2.920 2.900 100.000 216.400 173.900 112.900 51.500 2.500 
2020.02.02 (033) 09:35:00      100 3.300    --- 0.373    ---    --- 289.600    --- 110.000 50.100 3.080  
2020.02.02 (033) 09:40:00      100 3.300    --- 0.373    ---    --- 287.600    --- 110.000 51.100 3.430  
2020.02.02 (033) 09:45:00      100 3.300    --- 0.373    ---    --- 285.900    --- 110.000 52.900 3.210  
2020.02.02 (033) 09:50:00      100 3.400    --- 0.373    ---    --- 293.600    --- 110.000 63.300 4.900  
2020.02.02 (033) 09:55:00      100 3.500    --- 0.373    ---    --- 268.400    --- 110.000 35.800 2.840  
2020.02.02 (033) 10:00:00      100 3.500    --- 0.373    ---    --- 280.200    --- 110.000 55.500 3.450  
2020.02.02 (033) 10:05:00      100 3.500    --- 0.373    ---    --- 272.500    --- 110.000 53.000 3.770  
2020.02.02 (033) 10:10:00      100 3.700    --- 0.373    ---    --- 272.200    --- 110.000 50.000 3.440  
2020.02.02 (033) 10:15:00      100 3.600    --- 0.373    ---    --- 267.700    --- 110.000 52.700 3.800  
2020.02.02 (033) 10:20:00      100 3.600    --- 0.373    ---    --- 257.700    --- 110.000 45.100 3.550  
2020.02.02 (033) 10:25:00      100 3.700    --- 0.373    ---    --- 254.300    --- 110.000 48.800 3.920  
2020.02.02 (033) 10:30:00      100 3.700    --- 0.373    ---    --- 247.900    --- 110.000 39.300 3.080  
2020.02.02 (033) 10:35:00      100 3.800    --- 0.373    ---    --- 246.100    --- 110.000 42.100 4.020  
2020.02.02 (033) 10:40:00      100 4.000    --- 0.373    ---    --- 245.300    --- 110.000 43.500 3.660  
2020.02.02 (033) 10:45:00      100 4.000    --- 0.373    ---    --- 235.000    --- 110.000 36.500 3.530  
2020.02.02 (033) 10:50:00      100 3.900    --- 0.373    ---    --- 227.700    --- 110.000 34.000 3.680  
2020.02.02 (033) 10:55:00      100 3.900    --- 0.373    ---    --- 221.500    --- 110.000 26.200 2.500  
2020.02.02 (033) 11:00:00      100 3.900    --- 0.373    ---    --- 215.600    --- 110.000 28.600 3.140  
2020.02.02 (033) 11:05:00      100 4.000    --- 0.373    ---    --- 228.100    --- 110.000 42.100 6.000  
2020.02.02 (033) 11:10:00      100 3.900    --- 0.373    ---    --- 221.600    --- 110.000 37.800 5.240  
2020.02.02 (033) 11:15:00      100 3.600    --- 0.373    ---    --- 214.700    --- 110.000 33.800 3.770  
2020.02.02 (033) 11:20:00      100 3.600    --- 0.373    ---    --- 215.500    --- 110.000 33.200 4.000  
2020.02.02 (033) 11:25:00      100 3.500    --- 0.373    ---    --- 238.500    --- 110.000 62.000 2.500  
2020.02.02 (033) 13:40:00      100 4.150    --- 1.554    ---    --- 220.500    --- 110.000 46.500 5.490  
2020.02.02 (033) 13:45:00      100 4.250    --- 1.638    ---    --- 208.800    --- 110.000 48.100 2.780  
2020.02.02 (033) 13:50:00      100 4.406    --- 1.820 1.800 150.000 220.200    --- 110.000 67.100 4.130  
2020.02.02 (033) 13:55:00      100 4.350    --- 2.020 2.000 140.000 203.800    --- 119.500 50.100 1.940  
2020.02.02 (033) 14:00:00      100 4.450    --- 2.020 2.100 130.000 218.700    --- 118.800 50.100 3.620  
2020.02.02 (033) 14:05:00      100 4.500    --- 2.120 2.100 145.000 215.900    --- 120.800 62.200 2.880  
2020.02.02 (033) 14:10:00      100 4.550    --- 1.920 2.100 130.000 205.800    --- 109.900 47.300 1.900  
2020.02.02 (033) 14:15:00      100 4.650    --- 1.920 1.900 130.000 214.000    --- 108.200 56.900 2.830  
2020.02.02 (033) 14:20:00      100 4.650    --- 2.120 2.100 130.000 217.900    --- 111.400 55.100 2.330  
2020.02.02 (033) 14:25:00      100 4.950    --- 2.420 2.400 115.000 206.300    --- 116.300 60.200 1.410  
2020.02.02 (033) 14:30:00      100 4.950 3.923 2.120 2.100 125.000 208.800 145.400 109.400 50.100 1.510  
2020.02.02 (033) 14:35:00      100 4.950 3.923 2.220 2.200 105.000 200.300 145.400 107.800 56.900 1.320  
2020.02.02 (033) 14:40:00      100 4.950 3.923 2.320 2.300 115.000 206.300 145.400 111.400 57.800 1.400  
2020.02.02 (033) 14:45:00      100 4.900 3.923 2.320 2.300 110.000 202.300 145.400 108.800 64.200 1.340  
2020.02.02 (033) 14:50:00      100 5.150 3.923 2.420 2.400 110.000 214.800 145.400 108.900 62.900 2.070  
2020.02.02 (033) 14:55:00      100 5.150 3.923 2.420 2.400 105.000 195.400 145.400 108.800 56.500 1.000  
2020.02.02 (033) 15:00:00      100 5.150 3.923 2.420 2.400 105.000 191.400 145.400 108.800 52.400 1.000  
2020.02.02 (033) 15:05:00      100 4.950 3.923 2.420 2.400 105.000 236.300 145.400 105.000 135.500 3.140 
2020.02.02 (033) 15:10:00      100 4.900 3.923 2.420 2.400 105.000 251.400 145.400 107.500 161.900 3.060 
2020.02.02 (033) 15:15:00      100 4.950 3.923 2.620 2.600 105.000 214.700 145.400 111.700 89.100 1.990  
2020.02.02 (033) 15:20:00      100 4.950 3.923 2.420 2.400 105.000 195.000 145.400 102.600 68.600 1.000  
2020.02.02 (033) 15:25:00      100 5.125 3.923 2.720 2.700 105.000 189.000 145.400 112.600 62.700 1.000  
2020.02.02 (033) 15:30:00      100 4.950 4.523 2.920 2.900 100.000 189.900 168.000 116.800 72.200 1.190  
2020.02.02 (033) 15:35:00      100 4.950 4.523 2.820 2.800 105.000 207.500 168.000 110.800 87.100 2.220  
2020.02.02 (033) 15:40:00      100 4.750 4.523 2.720 2.700 100.000 208.700 168.000 107.700 97.000 2.050  
2020.02.02 (033) 15:45:00      100 4.700 4.523 2.420 2.400 100.000 205.200 168.000 99.100 86.600 1.790   
2020.02.02 (033) 15:50:00      100 4.975 4.523 3.020 3.000 100.000 241.800 168.000 116.900 130.000 3.260 
2020.02.02 (033) 15:55:00      100 4.950 4.523 3.020 3.000 100.000 254.900 168.000 116.700 165.500 3.060 
2020.02.02 (033) 16:00:00      100 4.750 3.512 2.720 2.700 100.000 194.100 145.400 106.300 78.700 1.610  
2020.02.02 (033) 16:05:00      100 4.875 3.512 3.020 3.000 100.000 269.200 145.400 116.700 152.100 4.660 
2020.02.02 (033) 16:10:00      100 4.950 3.847 2.720 2.700 100.000 220.200 177.200 104.500 80.200 1.490  
2020.02.02 (033) 16:15:00      100 5.150 4.047 2.920 2.900 100.000 209.600 171.600 108.200 72.100 1.430  
2020.02.02 (033) 16:20:00      100 5.250 3.948 2.720 2.700 100.000 219.600 168.100 102.800 81.900 1.990  
2020.02.02 (033) 16:25:00      100 5.350 4.148 2.820 2.800 100.000 229.500 169.000 105.600 89.500 3.130  
2020.02.02 (033) 18:35:00      100 5.650 4.248 3.220 3.200 125.000 230.700 173.500 110.000 82.000 2.790  
2020.02.02 (033) 18:40:00      100 5.650 4.448 3.220 3.200 100.000 208.600 161.400 108.900 80.700 1.760  
2020.02.02 (033) 18:45:00      100 5.850 4.248 3.020 3.000 100.000 269.300 178.600 103.800 112.100 5.280 
2020.02.02 (033) 18:50:00      100 5.550 4.448 3.120 3.100 100.000 212.000 173.600 108.800 72.900 1.570  
2020.02.02 (033) 18:55:00      100 5.525 4.248 3.220 3.200 95.000 213.700 175.600 108.600 63.800 1.660   
2020.02.02 (033) 19:00:00      100 5.525 4.248 3.020 3.000 100.000 214.700 176.300 104.500 64.500 1.830  
2020.02.02 (033) 19:05:00      100 5.525 4.248 3.020 3.000 95.000 207.800 165.900 99.000 72.800 1.610    
2020.02.02 (033) 19:10:00      100 5.350 4.248 3.020 3.000 100.000 225.000 167.300 104.200 100.200 2.160 
2020.02.02 (033) 19:15:00      100 5.350 4.248 3.220 3.200 120.000 253.200 173.700 114.600 123.700 3.040 
2020.02.02 (033) 19:20:00      100 5.600 4.248 3.020 3.000 115.000 250.000 173.700 106.400 143.300 1.110 
2020.02.02 (033) 19:25:00      100 5.350 4.347 3.020 3.000 100.000 254.700 181.700 108.500 118.700 3.190 
2020.02.02 (033) 19:30:00      100 5.550 4.448 3.020 3.000 95.000 254.300 177.400 103.900 140.700 1.940  
2020.02.02 (033) 19:35:00      100 5.750 4.347 3.020 3.000 90.000 269.600 190.100 102.700 120.500 2.400  
2020.02.02 (033) 19:40:00      100 5.850 4.648 3.020 3.000 95.000 235.700 179.900 103.900 99.400 1.970    
2020.02.02 (033) 23:35:00      100 5.150    --- 1.820 1.800 120.000 227.100    --- 110.000 56.200 3.200  
2020.02.02 (033) 23:40:00      100 5.150    --- 1.820 1.800 110.000 218.000    --- 110.000 51.500 1.810  
2020.02.02 (033) 23:45:00      100 5.200    --- 1.920 1.900 110.000 215.600    --- 110.000 53.900 1.690  
2020.02.02 (033) 23:50:00      100 5.201    --- 1.543    ---    --- 227.700    --- 110.000 46.400 4.570  
2020.02.02 (033) 23:55:00      100 5.325    --- 1.454    ---    --- 229.600    --- 110.000 45.600 4.870  
2020.02.02 (033) 08:45:00      100 3.400    --- 0.373    ---    --- 324.900    --- 110.000 86.100 2.440  
2020.02.02 (033) 08:50:00      100 3.300    --- 0.373    ---    --- 296.500    --- 110.000 57.400 3.710  
2020.02.02 (033) 08:55:00      100 3.400    --- 0.373    ---    --- 297.100    --- 110.000 56.500 3.280  
2020.02.02 (033) 09:00:00      100 3.600    --- 0.373    ---    --- 313.100    --- 110.000 74.100 3.810  